7994
9465
5800
8892
5008
1206
3447
4539
486
7912
6148
8998
5660
1235
4148
9417
1059
8512
3320
8421
7874
8353
5771
8515
519
9738
2894
3249
1425
2909
3089
2838
730
8006
8877
7796
2292
4629
7254
2258
1177
9701
1561
7254
1785
1197
2289
5421
6039
9749
7904
2349
7264
7655
4991
7442
1915
9354
5419
2777
5932
6920
4932
9474
3083
354
5358
1892
1499
1354
5347
8755
5228
681
6156
7452
3370
6411
5540
2052
7158
1975
3944
8631
1615
2469
7804
9526
5148
9005
2143
6321
5696
915
4852
6216
294
7576
5213
1540
3832
6505
5962
6710
4274
6922
989
6919
1916
145
370
1117
8390
686
1687
4176
3485
9805
4063
8394
8225
3035
3913
6961
7052
3033
2798
2500
8880
6512
9209
7813
3562
9895
2770
8498
2833
8554
6196
9378
2327
6367
53
781
6044
4733
7356
5953
7682
4169
6441
5093
9997
6538
9785
3634
8101
4700
62
2616
1922
5110
6598
908
6958
9850
2578
4776
3602
6508
4896
34
1469
530
321
7789
2241
1897
329
7065
714
4383
4236
3429
6674
9315
1504
7473
24
3719
8006
5844
3003
4639
5602
6537
4033
8034
4444
9924
5789
5962
2460
6606
3159
3739
801
123
1724
9562
4292
9157
4824
5811
2495
3347
7500
9081
49
3368
3018
7873
7954
8719
3666
2497
4683
755
6638
2910
6095
4100
6135
8431
1245
632
7664
3164
5392
4050
1520
5701
208
6719
7379
8933
1074
4610
5037
9787
989
2818
4232
532
2053
6525
5743
5202
6804
8557
6056
1308
2906
465
4301
3168
4827
4326
6948
9325
6141
3004
3547
3839
9032
4624
3578
8484
1906
6903
841
1778
5848
9136
9081
6265
872
776
3633
2338
2841
8507
4715
3963
6479
9632
414
6466
1262
4722
8703
5886
3293
4386
3663
8454
5364
9454
540
9923
9697
2600
579
4613
4825
1545
137
3473
4251
6048
338
4496
2121
654
9807
4312
4752
4289
9485
6814
599
3225
138
1270
4711
6635
9289
7070
2819
208
3388
252
7711
3085
5252
5508
940
8127
3321
3096
5065
6179
3110
7527
3062
5474
4113
6446
8344
9564
3547
5271
5163
8884
5470
7211
2733
7838
9508
773
6265
8962
2835
5040
7162
9915
2745
6096
9395
336
531
3452
9004
5152
3891
7746
7740
2673
9977
5473
3935
5624
2328
5305
6635
8962
7985
9573
4151
7559
6076
8312
8841
9271
6397
6179
7550
394
5931
1201
5316
9292
8198
4997
3886
8516
2381
2779
7096
3523
5711
3256
2152
6385
6419
7409
1927
2139
2675
9881
7568
1757
4281
171
294
9883
1216
9256
1458
8911
2581
2177
9328
6892
4151
7552
8937
4299
5848
3289
9681
7643
8933
2883
8307
9909
9488
5992
1856
1940
5839
9425
8155
638
9462
9545
3579
8374
8757
208
2315
3576
8691
9315
6600
9977
895
9681
9279
8759
9654
8655
7600
5159
6318
4657
3326
1118
6615
4294
4076
471
2801
6299
2496
1835
8450
2056
6531
3619
5552
3099
4491
4112
5795
5533
3186
7531
2404
6196
7410
7248
6649
8760
2685
7662
3805
1621
2155
8356
9942
1882
4046
9633
8230
2104
6523
1723
7206
1481
9892
9368
1314
2983
8682
7564
6896
751
8771
2841
7072
5186
5270
3006
2477
1722
6423
5714
3636
528
9010
2276
8907
758
8226
7840
7551
5210
7253
9845
8715
3227
2533
8001
7305
4308
84
2546
372
4119
4901
1410
5544
3959
9379
2951
3971
1537
4101
6849
6366
4754
2035
3358
6671
6612
7350
4143
1330
427
7592
6348
6252
301
9373
6594
4132
3541
3509
8393
7204
1296
8923
5047
5499
8163
519
5950
7161
2491
6687
8337
7423
6380
2522
658
2071
7351
3359
2771
706
8566
9875
1401
5399
6041
3669
4575
2279
713
7266
2191
3288
5212
4953
7703
7440
2085
6047
3696
4063
9795
7166
4552
8074
8833
674
4525
614
3993
6870
9870
4841
5470
9392
510
4883
2436
5331
6080
6840
8462
4246
5511
1857
289
8435
8000
489
3765
7419
9398
5380
7373
1272
627
3683
4872
4073
1236
7958
2895
7999
3888
7449
3444
7970
2166
6029
3206
3710
2037
7957
3117
2769
6305
5319
9105
6348
687
5062
4833
6397
2842
8165
3825
5188
5267
1740
9214
9396
5889
4030
3635
1061
9296
6907
3759
9097
5125
2390
8019
1425
7321
3057
4516
3695
2889
8870
2782
8844
8655
7752
5695
7923
2892
5694
3565
9058
6600
4413
4590
1531
2183
503
2379
6564
1814
9275
1338
5935
3979
8941
2749
2295
3499
1435
14
1591
2600
2087
6027
9942
2492
8350
3347
4978
4669
9656
5948
6825
2932
9101
1415
1576
7011
9213
3901
5464
8744
1638
3294
4659
9145
4634
5078
5169
8847
5206
8679
7945
5587
7588
3936
6776
1244
3631
9203
6396
939
5026
1202
9223
9390
9385
9288
4174
1073
7097
3062
7775
2639
7049
4648
7412
9635
6864
2459
5906
6850
9745
5466
4820
820
9229
2462
512
5717
3425
2512
4729
2866
1836
347
6764
906
9351
3812
2046
7072
6687
7339
8473
5866
8494
8516
1920
7753
9778
7851
7181
38
3138
6902
1191
4871
4373
9878
2319
5609
8335
7354
3340
8063
5998
6678
5248
469
8141
2878
4447
3599
5897
6242
1822
7302
6682
6766
1763
677
5938
3670
5549
2879
1170
4683
5402
7529
4796
1076
4932
2657
3797
4162
5733
4584
6893
2327
1152
9320
1690
8415
387
9166
2529
3769
2190
1813
835
4732
3598
8297
929
4816
9225
8122
3064
9888
4739
1693
3709
6254
708
6662
3982
3931
1000
3726
2507
5061
6672
4887
3706
6920
2926
4574
3385
8654
8972
7929
4495
6491
5375
2553
5261
3371
6473
2558
5501
2260
606
4098
9784
7957
6524
7433
4920
2432
9446
8114
3473
3041
6691
1000
4604
9153
369
2781
862
5747
1621
2023
8979
2355
5129
8277
2288
1038
4283
2762
9889
5016
5949
1164
1889
301
3847
7110
9252
2119
6021
292
2185
4742
5979
7432
2911
7719
5841
2176
1822
2428
7959
5433
3969
5187
6059
6422
500
6746
1806
9999
7962
4802
997
6527
1750
7002
3893
7681
2131
640
8389
1355
479
6649
8660
8373
312
9110
7275
928
7393
261
3145
1138
9839
2403
3682
7043
2228
6958
7023
2061
185
5221
1687
7166
9919
7873
9133
1556
9358
3738
202
3265
4630
7398
4312
1741
9074
3200
2113
3925
6157
5123
1184
5868
3999
5404
1260
7463
7292
7089
7999
2811
1728
6526
32
6567
7261
1504
8531
4041
3071
9487
8735
5481
596
276
3634
7362
6063
2835
1694
5390
6368
4664
5959
1602
4650
9639
1214
1826
7874
853
8437
8035
4840
4559
555
9266
7650
9399
3069
4588
6559
8450
9371
1628
637
3674
7142
8723
2535
577
2189
9391
6871
1284
6853
5476
1120
2269
4320
2769
4640
2309
3564
5673
3540
7850
4782
5847
8277
4306
8186
5193
6131
6640
6549
9313
2542
6110
3960
4404
961
9846
2793
1719
4315
2405
5617
1455
8162
2134
8351
3814
9520
4379
8121
5330
5491
1224
7057
968
5027
8903
6478
2706
3186
7946
8908
6870
7752
3216
1849
1249
7847
4703
1770
643
7151
6375
8868
3593
3798
456
3118
5149
2205
9171
1429
1984
4524
8971
8827
6850
4166
2642
4387
8252
197
2883
1143
2907
401
1944
9979
3383
3276
7443
5136
7333
5162
9147
621
5993
5692
7868
8499
9640
4884
3009
6756
4563
8711
2593
695
4629
4677
7654
3488
8402
5541
1838
8163
1850
8097
2387
7753
9951
4658
3498
4080
4234
5574
7218
8714
3544
7688
9142
5432
9963
1191
3108
5859
7329
9514
7992
6671
269
9626
2416
5666
819
2023
8894
9273
1144
3512
1921
2404
6720
898
5275
4847
3568
164
8886
3296
9640
4152
9358
7516
2738
4248
5536
6175
7969
124
3471
8482
9789
1263
7942
248
1412
2370
8540
9832
2667
7835
3379
7692
4572
3419
3087
4540
6596
6613
4598
6525
4045
4477
3243
6167
1786
7418
8170
1345
9455
2779
7048
4970
4489
1966
2323
9505
1103
606
479
1968
8422
1350
3032
7434
9256
7662
5769
7335
48
1212
6077
547
2858
374
8879
8888
481
5666
4380
9229
6725
8128
1307
6875
2789
1130
2756
5344
9274
674
5944
9361
7050
4359
5937
3644
3249
2242
8933
5628
2394
8714
8920
776
8327
9492
518
2579
1502
3502
7186
3244
5085
9275
2613
278
3411
8421
9877
7334
9567
5516
5226
5977
2872
4676
6068
7341
4854
5761
5647
7493
9313
8558
9490
3692
7611
889
9026
2357
2320
1709
8512
3478
2497
6974
2521
8039
8828
5025
7296
5361
6664
5613
9712
3009
6218
8922
6420
7594
7986
5713
4781
4214
4006
7150
1333
3189
9162
4219
4080
3832
8828
4378
9631
1412
6005
8315
2142
6981
2417
5869
6206
3009
2030
1110
8981
1765
9568
3057
9483
7982
8993
9728
2020
2215
892
5744
9902
657
8587
1172
6044
6097
7708
730
5776
454
4485
7081
6673
8561
9292
9182
9053
5910
6150
8081
7807
269
2216
2513
7772
524
2635
8274
5896
3570
2736
7057
5110
1272
5828
5191
4863
7319
8069
2088
2600
6732
3090
8480
9469
7489
9049
8758
8277
8231
8363
3402
3567
4494
6847
483
2754
3327
60
3005
8081
4550
9644
3883
6932
7148
8645
17
7264
6200
7058
919
9896
7131
8128
6662
2531
1171
4639
1102
2669
7405
6814
8227
7020
620
2311
6668
1210
5195
295
2021
5249
2124
529
6705
266
5914
6428
4761
8176
9708
8388
7344
9357
2209
49
241
4952
1346
7646
5913
3343
9985
2007
4933
7743
6577
6621
6021
5186
9835
3134
2340
6037
2681
4813
726
556
768
6909
2988
8391
1921
9379
9598
1849
9423
1715
2252
2211
8453
2098
3057
8881
6681
3209
1441
9504
3767
3215
5524
9306
3190
7772
4003
4142
8985
2432
2927
9714
3328
1599
2181
7940
2997
842
3337
2211
4170
2650
7479
5860
5465
3591
6210
5075
4209
6631
2964
5596
508
1704
7798
4227
6184
9581
3643
9328
4849
5785
5494
2485
8457
3493
2689
4979
3583
1005
3803
9410
8554
8713
4426
3227
6570
7395
6985
8993
5551
7065
9158
2412
6594
5438
1963
6823
2277
1451
6788
1540
9548
2180
3257
3903
8878
1616
8423
7349
1181
285
5061
3725
4170
773
8832
9293
5094
291
8290
7181
7760
9577
7237
341
338
3222
989
8722
1714
5574
2909
923
5698
2616
5875
2001
7615
795
9348
4885
1063
2332
7776
3283
7220
7517
7221
4604
1992
9830
6646
8901
3322
9743
7156
754
4540
941
5914
2154
4968
3765
64
8836
7651
7075
8868
4899
6244
7302
8002
2580
3571
6732
605
3117
7968
1089
4490
3163
798
6251
4141
8761
6094
6886
1447
4340
2105
5157
4019
6886
5862
9183
4400
9380
1472
1323
4321
4959
3537
557
1059
4028
525
259
358
8115
2117
3117
2804
1797
7438
155
6554
375
5461
3932
4918
1700
3381
2285
5806
4944
8052
3445
63
3729
1280
9848
1213
4976
4401
2035
1624
2018
9777
8404
6155
3275
4294
9946
8178
7007
3234
8860
4830
5601
7641
9065
4418
3885
1937
8530
2764
3887
8687
3329
1026
2455
7903
3027
3106
7793
7745
6188
3254
1685
8136
6002
7895
3016
4279
9531
4265
6963
619
1951
5406
4061
292
6741
1919
4846
7341
6992
4721
8701
3959
5938
9334
6522
2003
560
3185
5582
8148
4411
8255
7131
8885
5125
1197
1929
302
3523
7759
7182
8525
6802
5346
6508
2543
7639
5365
1038
6658
79
876
9630
5574
9927
3654
4709
5640
390
3061
6039
4909
2635
9020
7906
6777
8089
28
8175
5913
9281
890
6631
8010
3150
1383
379
1816
9400
5668
8089
9081
1673
40
3326
7551
393
110
5921
3004
8532
9668
535
7476
5660
559
4016
9333
5315
1784
4362
9418
9477
7686
6681
9052
8887
7935
8407
215
5781
8611
2960
1977
6670
474
4847
4782
8185
8847
4644
5530
3649
7645
6388
8193
8961
5794
953
4253
1022
585
6807
3376
7375
3908
6819
1981
5663
5566
6835
6257
231
4925
8595
5373
8587
2514
8309
6639
8383
6885
2515
9245
8183
1908
6647
2470
7902
832
7422
7807
7088
1687
9644
3341
7213
2870
1591
8054
2372
4273
4934
4826
8510
1356
2958
7964
7529
176
614
2315
4446
9880
7336
8783
1808
4904
1910
5234
3113
3003
5636
3339
6784
7219
5422
4296
6228
5011
8409
6223
6195
3656
7190
2407
3701
7324
8011
3865
3569
9035
9192
2607
6793
8356
9792
9381
1156
8675
173
5848
3417
8009
3933
1544
2445
6452
2480
7465
7048
5771
3677
3396
4001
6308
1865
8224
4526
1076
9791
626
9506
5192
8862
3369
9083
1587
801
4204
3692
6135
8592
4478
3332
5218
9626
7737
5223
866
3467
3521
3934
6909
1198
8334
6813
4542
673
2296
601
748
9614
6398
7797
8405
2781
9681
1156
2896
3427
1363
4223
7754
7563
1089
6644
2107
7154
3452
1005
2787
920
9333
1736
154
7920
1033
8154
8223
6223
8040
5413
6276
9023
9195
1066
2568
3325
1379
5194
1606
1544
733
8867
7355
1219
1669
5486
3903
4162
3774
8711
9670
4648
5778
3733
2661
8213
8584
5921
3600
5086
5741
2954
9322
6790
9665
3139
5134
1123
4357
6079
3134
6045
3994
6798
3201
7305
1756
3476
4592
6705
9937
8082
3914
6011
568
834
2660
2983
347
656
1
3428
6009
7294
6864
3526
6598
9190
5660
8864
4274
285
724
8789
7390
6155
9527
5503
8414
9469
2692
2830
9884
7149
3074
5647
7108
2191
8969
3309
8130
6403
5333
3460
1687
1286
9190
4043
4335
2075
7857
193
5615
7210
9745
4653
5427
8926
9521
9695
2382
9258
8704
6316
5245
9065
4917
6972
9355
8222
197
8542
1850
6786
8856
8835
4011
672
2368
566
7081
1012
358
5976
7461
3178
6930
5274
803
7389
7360
7159
2723
2187
543
9015
5741
1777
5103
2666
9142
5208
5362
2650
187
9607
431
9416
4371
6502
2753
8903
921
9263
5406
2209
6623
7504
2054
2379
2243
5685
681
7522
5729
8614
7883
2068
3520
755
2088
6088
7743
7511
9519
6221
5062
1647
9242
9948
2512
9205
4315
6922
8657
7494
1320
9844
2061
6828
985
7551
205
1495
3249
9964
3625
7764
8852
2868
93
1487
6822
6941
3973
9699
3437
4415
7864
1032
6037
7537
2784
2095
6261
8145
4642
1480
7014
49
1012
4040
6917
6209
850
8566
9838
7966
2592
1311
3763
4743
9542
4138
8344
592
4705
7203
6452
3266
1289
7735
1479
402
6547
5711
6156
4471
2249
8038
9969
5659
391
8908
8027
9085
6459
4015
5026
8030
9531
969
880
3250
1528
6009
8598
7508
5872
8348
4763
1535
6436
6401
8708
9830
9438
37
734
736
870
6165
2331
361
2571
872
2326
7739
7462
7768
9054
9644
1321
5490
7546
2587
8080
8490
1167
2219
3175
2319
2527
466
9119
6936
3117
167
8213
3590
3487
5372
4277
1377
9790
6759
8765
3031
7828
9663
3217
4650
7358
7146
76
4329
622
7862
7565
2458
4230
8905
8611
8640
6643
8701
939
9945
7678
6363
1710
3997
3517
7306
8674
6898
2379
4873
7175
5371
514
599
2329
5889
9821
6849
72
6052
3711
8219
2134
1866
6647
2528
6371
9710
8675
7482
8741
6992
2461
4653
6631
7302
6151
7129
8517
8458
9802
518
3691
2424
5498
7714
6482
941
937
5400
6497
4005
9905
6240
5875
3656
7450
9503
112
4182
5240
1444
5298
556
4704
1224
8716
1077
424
3730
3493
7122
1452
8769
5003
701
4266
9528
3780
5570
3456
3426
2455
8756
5802
5304
9801
8904
6452
146
2525
3756
5641
7930
9466
3478
6783
9502
4660
7330
8836
6671
5669
8564
1405
4146
7476
7680
6421
9272
3956
4175
7054
6473
2892
6214
7770
5527
3223
2877
1478
8556
8736
8925
2563
3509
523
4268
9901
8441
866
2791
8041
9360
6653
8667
5336
3272
2816
7332
9432
1213
3348
656
6114
1039
3872
5794
8252
8529
1813
1845
3981
8234
4534
2428
6455
8504
3461
7208
9726
2978
3291
171
5038
9732
3972
892
2041
2581
7731
4613
669
6955
3632
4704
4833
609
9509
1341
6751
1065
5843
6035
8321
9929
5078
4665
7042
7703
7032
3544
7024
2657
8251
1323
8550
5647
3647
4881
424
2030
2615
635
7567
7498
5908
1925
6231
3813
6307
9396
9080
7763
5693
5896
4340
1011
5571
4620
5004
8545
9724
9484
6279
9380
9010
7558
7704
4119
6928
8276
1578
528
5081
5991
7798
5706
9410
5359
5627
228
5808
7319
9612
9270
8054
1028
4543
2609
9137
6928
2471
8452
4462
3317
1903
2262
1272
4877
8563
2758
1394
2754
6402
2338
3535
6150
1602
7062
3716
2250
8018
7998
4774
1506
8088
7057
817
4691
5267
106
8277
5907
485
8706
3700
5022
4661
9821
386
6082
6769
453
5447
5577
219
9661
4860
5787
7511
3135
4872
8528
3680
9138
8690
7556
6592
7891
7834
614
3253
2170
1714
9468
1652
5825
1778
8596
1103
7605
8142
9058
8406
8497
4723
4925
1241
203
2106
484
9607
7496
5752
1525
6181
748
8833
8582
379
2241
5092
9252
8950
5578
3402
6469
2246
9944
2326
5280
4223
7534
4978
352
468
6975
3239
7701
8732
573
7549
1445
3076
8926
8396
3788
7059
9316
5043
2836
49
1061
4998
8996
3420
6337
6075
5622
3418
3522
2531
4917
28
2459
4155
762
3606
6473
1181
8706
4989
6062
3575
1380
3018
9540
6648
7267
5378
2178
4585
8462
21
1176
2253
714
9877
995
1302
8737
7512
2017
7876
5706
2140
9475
1531
1773
8372
7849
4509
6710
7568
136
6235
8239
1254
6703
3006
8571
6597
8405
1546
9098
4609
5381
6836
623
8636
3709
988
7966
3936
2622
1709
7773
5407
5380
2914
1522
6928
108
9987
7494
1479
4810
2433
3419
6741
6097
4308
9371
8394
1830
9200
6971
8000
6437
8175
6940
3082
4238
9742
9095
6936
1948
300
1085
1485
7444
8007
2100
8857
1846
5082
1681
2160
7214
3712
8451
9323
9547
9798
8633
8598
9907
362
6073
1794
8507
4767
8751
5960
9931
843
9369
4953
4945
6386
1500
7213
9208
8647
4645
8762
1303
1479
6759
6499
3596
5801
5303
8718
9542
3429
9298
1524
7280
1261
5259
8659
5706
7407
3054
3378
5385
3232
1137
9229
3216
9839
3182
6292
7653
4405
3500
1142
1060
6146
7651
1273
5406
7081
454
1169
205
3307
9786
4607
304
9392
2861
9228
7706
1451
5665
5021
6094
5186
6351
9031
1216
8762
5959
9584
4581
384
787
5750
1093
3456
5586
4024
6816
5262
6598
2686
4729
4182
2895
6329
3769
6719
672
7396
9789
1091
934
9300
9873
3937
479
7183
6076
7526
3220
1581
7434
7124
5786
5416
8656
7115
8680
6352
9930
2215
6778
7385
8658
3671
9849
3695
6231
293
8993
6290
6813
2235
4663
4318
6781
3262
4100
1576
1240
2838
7955
7066
2567
2129
4522
8568
3711
8155
8293
5793
3629
7056
7199
8798
1961
6174
1397
6118
878
8370
8517
5339
1622
1484
382
1884
9245
4338
5975
5032
8316
6681
2379
8097
8477
1968
5551
345
7561
1523
8786
8605
6497
8576
2176
6999
3866
9169
7001
2279
564
2461
3165
5030
2258
389
4123
8393
9826
3030
5865
4642
1271
6174
3240
2080
1917
5109
9092
5776
4996
6057
8169
7126
4141
2159
1319
9485
6558
4154
4251
4123
3856
9600
1928
3050
4466
1519
7028
5594
4624
7894
5004
9387
5271
298
6877
964
4544
7721
2368
1925
4030
3332
5873
287
1121
613
4316
1211
1428
1709
7627
2633
247
789
7127
4310
228
7568
3142
7890
9972
1409
3864
4503
5445
9344
7171
3075
1496
1624
6657
4055
6889
3768
8610
478
1628
2569
6276
3802
9468
9161
3824
2487
2648
2547
6315
7478
1148
1142
7306
9499
2245
3706
2151
9763
2266
9606
257
8476
222
5595
2489
5303
1959
3563
6662
3358
4021
2888
628
3350
5950
8158
9374
5392
6539
1578
7240
6913
7806
4640
5753
1756
2823
609
738
1215
8661
7762
9861
2722
8158
3760
2040
4881
4374
8334
9134
4105
61
5528
6266
5075
2317
2343
3042
6491
8972
6706
1935
6615
68
7408
6448
4554
4430
5781
7718
3190
5296
9315
631
1849
5116
700
6831
3415
2893
1399
5514
3626
6826
7988
2260
481
7432
9554
4667
6139
4674
3615
6232
2187
4343
4017
8035
2236
4195
323
4070
173
8338
5028
1048
4823
6304
6122
7024
2397
4798
2408
7421
1934
1436
9256
3973
4136
9475
7942
7198
3369
4552
2344
4530
5003
6972
3215
5788
6829
2533
2248
2199
2019
8974
9551
3439
9162
2246
9192
7082
8096
2854
1013
8905
6737
1771
4211
3038
8787
4348
8923
1618
3951
6717
421
7248
1440
3398
615
2546
6779
136
5816
1497
2792
8588
8254
3949
6630
1944
947
9797
1567
4035
5752
3482
841
9365
4431
2003
7357
6867
9847
9483
557
139
5241
2348
4313
5948
5795
2653
4383
705
9338
5068
7322
8175
1884
2801
7058
2501
7276
6276
9758
5255
5413
6575
2697
6970
2828
2745
6836
9193
3098
4098
1705
4503
9846
6002
1208
5968
7255
6324
230
9019
4542
816
35
972
6924
9488
5824
1055
6096
9010
9241
9413
1688
8806
3441
8502
6242
4717
5601
253
3231
452
4972
1092
2341
863
9339
759
3403
4652
5066
7450
1688
7501
5158
3429
919
3138
8385
3074
4973
8378
7635
6994
8793
4852
415
5867
6668
7271
203
8642
3611
9363
992
1520
9883
8325
1681
183
9693
8736
40
2939
2763
3636
289
4382
192
9139
6756
6537
3640
3191
7573
5695
9560
1190
168
2173
5458
2989
6711
5785
1319
9789
8022
3498
6877
2948
1541
1331
1960
676
3146
9657
9425
805
1829
7707
2348
8505
836
4728
7933
7838
4145
1023
3705
5675
9686
8866
3891
751
632
3811
802
1534
1841
781
1496
7088
6621
281
2516
8834
7291
738
4106
6751
9154
1385
3041
7557
5960
6512
1518
9383
6909
922
2241
5213
7888
5023
4224
2936
1373
3137
2811
5744
6429
4278
9210
7280
9148
6260
9032
9636
2757
1294
880
4057
6268
5221
2835
1860
1009
3644
9452
6105
1834
673
9718
3125
394
778
535
3139
8892
1464
9814
3891
7295
1304
4459
5594
5156
149
3151
9344
7323
3586
9772
2405
467
5591
707
708
4559
4426
9928
3660
7920
5243
6157
421
8511
5334
5152
1269
2777
1204
264
6025
1400
3902
1228
2843
8223
9141
1238
3312
2126
3459
5
7178
5059
1849
8753
1479
4296
3688
3198
2998
8230
8004
683
8801
8434
2019
8942
5932
476
3207
504
217
1197
8332
2555
4656
7220
7208
3073
4095
3863
749
4660
7775
9613
7317
6316
5477
3013
7874
7503
8461
5318
1816
3242
5719
1095
1382
9223
7549
4472
7282
803
7559
8718
2811
5975
3348
8779
4121
8433
8842
9514
5649
5230
7021
1598
4305
1607
1633
94
9607
2461
1340
9443
4313
4097
84
1564
8336
6935
2418
9091
9409
4104
7876
3516
2323
1562
4770
413
6272
791
8070
7883
7718
8832
3262
5981
5224
5137
9215
9505
292
4461
7017
1063
3383
5467
8084
9227
6525
2628
6279
5117
4914
762
1639
5201
3455
297
964
7244
3223
5508
9616
6669
3076
4468
5238
406
9367
3292
8060
4046
4341
886
1953
2806
1933
1258
772
580
8264
347
9838
5276
4373
3540
3816
1734
2860
944
7588
6286
5153
7619
9531
3461
2936
1813
3415
7431
1360
2290
8132
7072
4538
771
1602
6617
9962
408
8842
7488
3469
6090
9963
8735
3018
3833
5317
2046
6993
1325
6077
5702
1999
5464
7908
5082
5526
1678
2988
4268
5911
3794
3959
6489
6816
5890
6348
7927
6614
2366
9778
5093
2629
81
4899
9337
8170
2024
7655
383
7935
131
1258
3364
5121
2949
6652
1184
1474
9292
7395
3346
4974
2780
6518
2630
1451
5065
6542
3687
4081
8900
2704
7569
5229
2424
7401
3229
8086
7596
124
4052
7194
7422
2132
3695
5978
9378
1524
8756
4667
8468
9174
6274
5591
8683
7699
2787
6888
7179
2778
5209
5232
2905
3509
5485
4743
2263
2813
7726
6053
3200
5535
4965
6146
6565
6424
9745
8304
9877
4565
2906
4123
7372
8729
9182
754
4296
3290
1706
1877
6372
8676
690
7419
3574
7941
8526
6664
349
1388
6682
547
3362
8492
809
7613
2087
5935
6121
2144
7064
3763
2491
1033
1944
9530
3660
6553
5432
6652
4226
6500
1869
946
9432
8319
7153
795
7119
3553
3251
5467
3031
9528
9928
4464
1955
1956
9708
9564
324
9746
7839
7821
9407
714
5851
703
8191
8879
1393
746
8512
3889
1642
6950
3509
2284
7360
7977
1725
3386
7803
6453
6227
9494
4531
3785
8926
7910
4773
7663
8640
8758
6898
1334
9417
981
8587
2858
2009
7199
3257
1430
98
6573
6659
7756
7469
1116
6678
7016
5108
1618
7229
7535
4903
6921
5434
2002
4427
3428
4196
270
4094
7019
2543
4747
9891
8173
6532
9298
5380
8834
4955
2910
9292
3421
2442
3314
8587
8769
3687
4336
7762
5128
1626
2393
9526
4643
7796
741
8385
446
1542
6227
1897
4665
5038
1080
3363
233
7895
491
5387
4704
5906
8118
5244
1551
293
8748
9296
6546
7363
9332
8349
687
1105
7740
6257
63
4404
4787
9335
6282
8913
4971
1410
2652
9632
6
6171
5048
6968
320
5009
6741
5175
7935
1927
9936
3319
9296
2691
8397
4234
8038
1347
8967
1732
4653
5324
991
3289
8548
7777
5709
3892
6821
3017
5498
2572
5302
4765
3443
3779
4108
3903
5355
514
8067
8099
7453
4692
1602
919
4926
9165
4603
2649
7669
409
7412
8251
7852
4290
6770
9449
521
6948
6679
2353
2209
6620
8738
8667
1650
7974
901
7497
2139
2734
2128
122
4584
8995
8264
9443
1033
2937
3979
5793
2086
1505
9316
6953
549
6603
4454
6771
4553
3379
3062
9658
3272
6360
7664
7346
7379
9694
8898
3113
6086
5603
3834
3958
5092
4619
5702
8336
486
2961
4372
7407
9634
4908
8158
2037
5378
9864
2908
7038
7405
4954
9739
1804
5164
5632
7474
3741
8265
6035
8369
2527
1728
3838
2675
1471
3159
5672
6310
570
1874
7726
2636
5715
1549
6476
1816
1611
7106
8173
3898
3721
5250
5629
1022
9298
568
7512
5538
5594
2121
4348
6271
7113
3030
4273
4519
9683
7661
7422
2124
138
4727
6160
9790
4940
2507
7996
4514
8453
1720
9347
8140
4657
8783
7053
6475
8296
9840
3107
642
7796
6244
6778
7900
3165
8806
6046
8309
5532
4996
3415
996
6668
8028
7513
5085
9607
5087
8709
6037
9714
4188
5425
109
7883
3297
2789
9637
9463
4
4273
8911
8064
2401
534
485
6806
3688
4695
5693
5302
7599
8223
2310
1922
9446
438
168
5233
9135
7999
6662
6037
4421
4815
472
2445
8103
3255
9456
3811
2998
7762
8497
5618
1592
2421
8281
1540
9727
5133
9473
9247
7792
9604
5034
5396
3956
7490
92
5010
4834
737
2318
8490
3514
8651
9192
3706
9953
266
537
2568
7695
2938
2299
7541
3719
3159
6528
7597
6313
2538
2954
7565
8186
5988
1191
790
7397
656
2651
1445
6515
2398
6803
6218
7099
1099
4603
6611
1202
7834
2267
6724
4851
1747
4220
1865
7837
6452
4404
4667
1756
6067
3113
5596
3269
7154
7000
9954
8038
3827
9178
5154
3345
8522
8120
8341
2506
2525
8517
3625
1951
2271
4290
3872
9952
8291
4422
4864
5327
1666
8681
3334
8228
4288
4615
6585
195
5985
3016
1943
8982
6793
6339
8928
5238
5344
9674
1027
2624
9850
389
4668
506
6750
5405
8363
5501
5302
2699
9181
9014
6276
812
6944
8134
2633
7493
2765
184
6656
822
8205
8750
2118
9196
8466
8118
6407
7834
6811
4001
4000
8072
8931
7662
7529
214
4032
5691
560
3074
5652
7066
1103
4968
35
3600
2525
1725
1999
385
1525
5366
1972
9072
2956
4798
1069
4455
8178
7632
3315
5180
7503
6662
1042
9710
5857
7917
814
6625
3914
5595
2494
47
4603
5268
4900
7456
9471
4839
5037
6915
2588
7329
6789
2336
1772
9620
9023
1533
3325
9721
7719
4423
2954
1525
938
9750
9226
2828
1452
7570
630
2617
3849
4323
3871
4376
3233
131
5043
6124
3689
893
7703
6594
9738
6101
7389
8054
9668
9346
1259
5119
8072
2073
729
6795
328
8206
9206
7584
8862
2519
1295
3734
3439
4675
383
5278
8225
4465
9866
9493
4264
4218
5100
9684
7483
620
7674
710
6654
8176
746
5108
2788
1021
5952
5936
7210
5553
6922
5849
974
5875
5850
8318
42
1735
9492
1977
8681
6848
7121
5757
5111
3582
4387
4428
6175
6500
3617
2398
2753
342
8121
5252
62
7600
451
4521
4494
2897
1983
8211
4683
9466
2321
5328
8993
1619
7076
9774
830
814
7429
597
7192
2682
8809
2098
2212
472
1127
8923
328
5425
3429
284
8335
6624
8302
3662
9297
9814
3156
2751
1025
5791
7615
9131
3898
6449
6047
7226
6276
3764
9224
8915
1348
3426
8138
8371
1210
5030
7705
5600
7460
5244
1429
4819
7080
2499
6371
1919
6409
5217
5541
8384
4198
5548
2422
4480
9275
4443
47
8228
4581
2712
6657
1471
6759
1685
1761
7260
2973
925
3838
1310
8241
9774
8703
5781
4919
2166
5914
2158
2485
3513
1674
3063
2384
357
5204
7452
7051
7360
7408
178
4890
6145
7348
23
5081
4692
1237
2255
3028
1387
2233
6684
6343
2479
5393
2274
8661
2422
5626
3413
5773
6366
7760
4541
3490
3780
6108
6567
4264
9368
3540
7791
7330
7483
6711
2021
6525
2183
1888
5431
3097
6112
1587
6313
3874
7071
5952
6364
8265
446
1822
9023
3284
2181
5265
2497
6139
8947
3492
1432
4936
5606
8583
7135
7012
5235
7310
5073
1523
7094
6627
4429
5516
4897
190
4959
9931
1557
4833
1733
1153
6186
1427
6530
707
9025
4488
5793
6955
6066
7257
7685
6119
7263
6998
5260
5914
4056
5468
4729
9164
8534
642
8404
2433
6160
4255
2368
987
4448
6360
7633
2481
9368
4316
3543
4843
9890
8795
9798
3081
7673
2997
1125
8285
1838
4706
1204
1264
277
4716
1136
4484
5358
2217
9672
6602
2173
3290
6472
8276
9476
403
3843
7929
7521
4136
3115
4693
9571
9667
3361
2218
2164
1693
5750
7939
608
7649
9472
376
9661
4716
7751
9293
1919
3550
9032
3585
1082
8505
7493
7630
1461
5690
3318
404
547
3584
3901
6166
9462
715
5293
2888
9162
2490
5645
8075
5721
6425
1669
5264
772
4290
5908
8249
559
8841
572
5800
4881
5502
9081
799
9780
6461
739
7189
1832
6069
6011
282
7272
2533
3933
7675
5087
5195
1894
2987
9995
9169
3655
3955
5601
2005
2645
937
7420
2620
6783
1915
8454
4245
9943
9916
2788
5361
7431
218
7593
2541
6570
4327
1545
9036
6959
5173
6098
7822
5095
7708
5082
6143
2965
1139
8169
8399
2987
4596
1392
9926
6750
8833
3887
9562
2372
3080
3116
8340
8662
3378
9460
4105
359
1514
5090
4743
4443
9980
2301
5094
2714
9894
9647
637
1005
6050
725
5283
4660
6607
4297
6555
720
9705
7950
7988
8633
2469
3027
8534
7639
4973
9995
7901
60
513
603
9385
614
2429
393
2369
6778
4472
1662
8553
82
3401
7151
9935
3645
2061
9317
6329
5618
9605
1626
8562
1772
9108
1108
1870
5510
6177
9789
4270
6009
7653
4027
5413
9847
2662
3009
9844
7808
7786
4753
2863
4498
2327
5509
4307
6858
5697
4454
4745
2635
9786
4871
8084
2283
5963
1346
6963
8588
8731
5305
1102
1445
723
5604
8044
9030
7985
7714
6841
2513
7684
6506
2195
1496
6657
1099
9050
1009
4897
6281
7854
4114
4847
5819
7447
6025
9537
6409
3161
9135
6148
9510
5904
9464
5328
4145
6718
5170
2940
1623
932
8366
2587
2953
2085
4542
5289
1784
3010
8130
9107
5805
8111
912
6253
4093
492
9591
4352
3118
7590
2157
4482
4601
8424
278
1823
2569
8002
8984
1199
6357
4321
9948
6743
957
9888
1931
1581
3288
8274
4947
3885
8070
1711
2717
8099
4005
6405
3858
2900
2538
7291
90
8489
4421
8610
6505
2695
7554
8900
1640
7169
1924
2677
7330
5124
798
6528
7822
5529
5169
4943
5216
9100
33
9188
4597
6140
9035
6384
1689
2186
2965
6424
4871
5713
7823
3421
4053
1987
3082
6093
2448
303
9067
4710
2548
1047
6925
5967
9
7970
3603
6831
5719
4131
7752
5124
1383
2902
4639
3189
848
2520
2732
2953
1616
6999
8216
9414
3360
9947
7136
9126
2616
7351
3967
8101
8742
8812
4394
5672
6445
4125
7789
5907
3071
79
6589
544
9379
7223
2536
2999
5688
2798
2696
1436
1055
1478
3232
9526
8961
5231
5083
585
513
7204
8390
7638
9977
6399
2880
2946
320
6669
827
8377
2022
8333
9889
9735
7578
7879
8554
2107
720
8382
4546
2645
3124
2586
6669
6323
5670
1428
1032
9240
8906
8709
5533
43
2694
2937
8507
4195
3535
5597
2710
4442
6020
5436
112
3008
9101
9487
1650
5945
8142
1901
2315
2610
6236
3537
7689
6853
8249
7081
9648
4393
1017
1556
5678
4053
2538
6043
6247
9884
4239
3353
1739
7500
4139
6455
5844
4524
5175
6387
1026
6786
6877
9400
2299
6619
8917
3479
3234
7032
5675
945
9196
8672
3877
1544
5249
7394
1209
9688
3766
8997
4846
3676
7149
988
1955
5557
7897
5202
4314
6872
1913
1784
9558
1865
1603
756
8767
5795
4930
3356
7806
1428
1060
4949
2272
7370
1116
1321
779
6471
4142
7214
1210
8485
7541
934
8604
2633
580
886
3809
1292
7802
6615
2427
220
642
9029
6958
956
1343
4714
4467
3831
6287
6837
9310
8057
8993
1262
6651
2412
6884
1100
6384
500
813
127
4188
1982
6716
3373
6295
4046
4974
2555
7868
3129
6933
3770
1638
8123
8827
2470
3818
3478
9387
5682
1506
8129
1307
1417
3331
6967
8831
2769
6055
2664
4193
5465
3054
52
4014
4927
7796
810
9261
4
4313
394
1269
2145
4023
5165
6220
304
2071
4217
4954
9579
5502
3552
6669
5593
7180
3850
5762
7839
4953
1049
2065
1372
7840
1734
6743
7723
5131
5236
4782
3007
4048
9244
8894
7753
3143
2005
1299
2111
1536
6731
6835
9763
5133
977
5565
1963
3911
7721
957
908
7610
6845
7773
880
7059
2570
8393
7462
1775
6381
7126
6300
2298
2310
6841
8057
8657
2609
1675
170
1937
3282
9262
9411
4408
2938
719
3136
4266
3294
1200
4065
3794
6157
9249
1477
8414
5929
7763
9047
4359
5844
6065
2074
7874
4957
6383
4416
2073
4692
9465
3884
7767
8000
1503
4417
6067
2018
909
1994
9978
8082
1493
2805
830
2075
8694
153
786
9595
2175
5867
3195
3995
8955
6488
9725
6200
8369
3823
8208
2591
1588
1083
2859
4806
9215
3546
9728
5546
9514
3172
6496
8005
6380
6259
5572
6791
7692
1422
1989
5447
9761
9180
7141
4222
6513
9140
3135
9099
7134
4329
2852
3801
3954
923
9357
5928
5346
4056
5737
6176
5770
1523
9236
3279
3964
1508
4710
4926
3738
9228
8506
9399
9412
8452
6189
6019
3462
3617
2801
6080
8627
2436
7021
179
8060
9096
6054
2072
8100
7461
9659
7992
9592
6099
5835
9841
7959
6433
1578
3692
9435
871
7882
955
7781
3420
5654
2329
6428
953
6758
6278
6831
4243
2671
4051
5978
9465
359
4
265
8579
5510
1756
6506
9344
1929
120
8182
3293
518
2998
7039
5631
9231
7584
9700
4374
9731
8409
8865
1264
4248
5402
5179
3019
1953
6707
6655
9772
5233
9295
7919
5916
7161
2946
9725
4816
2729
8188
1512
8603
4313
8905
5258
82
5306
3929
4348
6746
8405
3262
5089
8366
444
7804
1858
1648
7578
1484
1589
1949
7403
9328
1689
8925
4187
7456
5195
6873
5778
5039
8992
167
3403
2781
9890
4593
4418
2898
34
2688
7927
3140
1488
5097
979
4937
9435
7091
7329
7603
9597
2170
4370
695
3935
8070
1607
4272
1243
2936
3053
4329
3083
9574
7413
7941
4621
4561
5934
4768
6181
3031
6582
9423
3951
99
9344
3793
6962
7854
8131
73
9169
1524
5580
3359
1767
9230
3644
1841
4653
1012
1290
2177
5896
8157
4842
6458
6939
4167
6217
9544
3103
1014
6745
5222
7296
3856
2055
2648
4319
8546
342
3250
7901
5137
1851
5448
2981
4000
5007
7130
470
5541
8514
6977
7071
22
6977
7261
1882
8067
5715
9082
8389
7925
9920
5780
1769
1113
8325
4764
3869
5810
4050
982
9984
5145
9480
9318
77
7134
1724
6216
605
7932
326
8423
9190
1169
8976
9133
4083
2838
3738
9659
2124
585
7075
5479
8800
9637
4339
1273
9179
9342
4832
4547
2103
1343
6095
398
9
6130
7827
4225
3092
5174
9340
5883
6555
2303
6464
3242
2615
1404
1471
1015
1273
8218
4018
5496
4417
343
6713
809
7506
3989
8668
9120
8214
2845
2916
9873
1816
6297
5312
7358
2460
4916
482
3673
6722
5498
8582
4433
4504
4850
5490
7121
612
9189
3913
6914
8875
9396
430
1613
6783
2602
8718
4985
4997
8168
638
7572
9695
290
6877
5988
2145
6957
2023
3155
7836
1458
7220
6687
4847
5427
3171
4081
3545
744
1480
106
2135
1469
1731
9497
9376
5239
6852
6272
181
2127
3695
8556
3830
1911
4510
2461
520
9852
1910
2077
8795
5812
7245
153
3006
4720
7420
6042
4481
5707
2280
1799
7790
4055
4339
5185
4822
2867
955
5703
3051
5193
5793
7786
7283
9068
9237
9602
8797
3067
2816
3442
341
7112
8634
9709
4459
3615
5606
8802
1042
8360
6394
4790
3343
7833
7218
1892
4929
6075
6610
1431
2659
4036
9885
6571
4985
9399
5695
9610
740
8661
3548
1983
8609
88
9816
1850
1742
9308
6921
5902
9645
8715
5429
9451
9195
3393
9334
568
5713
1959
459
562
6447
7973
1537
1562
4157
5318
43
6205
1196
3192
2038
3959
6140
5192
9604
9409
3132
7926
8624
7773
8118
2260
9000
9092
6129
7063
7722
8960
3492
4659
8234
7174
7117
9814
2295
1548
6368
9493
6215
5930
7584
7310
5433
3074
3294
5584
8677
7142
6663
2583
633
9580
2396
6541
9663
9604
6756
4720
7356
6488
951
6487
205
2163
6698
9907
2284
3214
5154
5586
9587
9973
5085
6522
338
6724
9230
5253
4634
4526
2778
7744
7462
8906
4959
2819
6242
7951
9480
5840
5332
2195
8868
7039
5623
7414
5338
2127
6055
4228
3314
622
1840
4297
6860
2892
9021
6959
6732
9394
2285
1594
6542
3839
9677
4918
8230
6898
9415
8443
3229
3816
6326
5740
847
6754
940
7220
9774
8705
3099
8789
2170
8057
1921
8891
7070
3891
3347
4494
8038
1428
3920
9016
1069
7935
3534
9823
2979
9275
4451
8202
2501
2084
6841
3220
4812
7723
3863
7808
1844
3479
6882
6413
4403
8012
6143
9270
1593
11
6725
3255
7190
7320
2308
1089
3042
2660
9721
6291
1137
7416
7162
105
1216
6228
7813
2497
1870
5689
6088
6330
868
1717
8822
4909
8482
4527
6081
8343
7237
1089
525
1653
8134
2609
8376
1686
6069
5130
6234
3791
8462
2464
4262
687
967
3255
7020
7566
5053
8578
5785
3609
4735
645
363
4786
8502
572
7413
5045
474
9236
2298
8539
5786
2034
4256
6464
2011
1332
3992
2506
6632
1189
8819
2166
9845
609
8417
8814
4279
9139
3040
6792
7371
4228
3823
3913
7227
9900
6518
4890
7115
9954
5960
3267
3786
9360
9703
2759
7005
9335
2371
1243
4548
590
9824
9818
4887
230
3572
6772
1865
9120
7621
5396
2324
3161
2562
1311
175
6067
241
381
6077
1513
3993
1348
2217
8320
3713
6418
6762
8255
1681
8030
7780
149
4296
8399
480
5898
1345
4353
2261
5755
9700
8556
7928
4164
8346
5357
109
3680
6666
4131
1179
6313
3292
2737
6740
4432
4179
5292
864
4320
1672
9760
9957
4826
6111
64
5657
5339
4435
1800
6735
5413
5294
4269
2290
2277
6084
6108
3638
8128
8658
3153
7023
796
4519
8170
5357
9764
1936
5770
3273
7653
9082
5105
7831
9227
2685
5548
8970
835
3055
1022
209
2465
678
2340
6593
1491
9824
6747
3708
6148
5761
3681
217
9417
5039
6266
9546
5317
7679
8706
9428
9757
804
3411
1915
3819
7382
6251
5007
9533
7683
5936
4790
9440
5157
9505
5709
9124
9704
1931
1567
3631
8904
5060
6955
7285
7303
9846
947
4683
3075
346
8644
820
9898
8990
4037
4935
4220
2640
4890
137
7354
2102
316
1870
9751
7523
8778
633
6479
3388
6154
8005
2219
3404
9543
1380
7798
6108
1760
7080
3721
6828
3963
3815
9123
8709
3735
4036
6487
5098
9346
7028
117
9187
1860
2552
8492
9764
3857
9026
7958
5754
539
2860
6711
9522
3286
623
3153
5214
4231
2095
1911
1582
8552
1962
4666
9753
3021
4690
899
197
5052
8709
4140
7214
7695
9396
586
7796
4537
2108
6959
7845
8119
8728
1782
1521
8866
4918
5897
9007
3948
8916
6770
2367
5048
6454
94
3880
5945
9793
6583
6009
3154
4393
5420
2840
2583
6293
563
6707
8131
9378
7151
2444
4536
9656
1077
2092
667
9988
1204
862
2625
4126
9435
8221
3793
7613
6033
8263
5992
6160
3562
2185
9293
2536
3646
7679
9086
8819
4569
9309
8631
4237
8428
744
3222
3932
9185
3985
6532
9856
7722
9346
1226
9349
3462
4
2844
485
3233
8295
1726
3299
393
1020
2857
9756
620
1555
4588
1174
3046
1946
3584
9550
592
7967
5615
2458
2966
7826
378
5093
4149
2795
9358
7413
3328
8717
4050
6068
1698
7400
5819
1775
7007
4444
3381
7818
8560
8445
4555
3402
5142
8435
2426
9120
2326
5177
6119
9716
3116
2180
3212
716
4056
7113
7504
129
5314
972
9646
5048
4560
6688
5703
1008
8951
682
8383
9747
5769
3066
5126
6888
8266
4958
6223
1410
1811
124
1542
245
6667
4680
2360
7283
7863
2376
8867
7934
3398
6249
1929
1616
4933
7247
2962
8285
6990
3549
1660
6833
7011
6849
5118
385
9796
3456
3487
857
5977
9174
1513
3918
4329
5894
5513
9141
4332
2180
5950
340
3710
4824
5219
9827
2080
7805
6362
4627
9088
6995
7999
9886
1269
4543
9465
683
9224
8273
3349
8778
9306
7244
9759
2031
1535
6244
6272
8245
7061
2708
2697
1484
3428
610
9374
4498
1563
1339
8559
8919
7348
4923
5911
902
4782
3413
6609
1916
8653
8754
4447
8909
1061
79
352
9660
649
4217
336
5388
7240
4634
4532
1885
8804
8651
6752
9476
6093
8823
1200
833
897
7579
7245
8123
2764
8166
8977
2132
2336
8729
709
3912
7187
9658
6430
2539
1428
8358
5905
200
2747
7996
6576
3775
9639
8181
3087
6925
8359
5678
4149
8932
2883
395
462
7654
125
5564
5839
9537
5819
7103
692
9734
2410
9370
7257
3543
9182
2827
8557
2968
2785
824
990
8142
5211
9809
2812
9592
2278
4813
9497
9801
7564
940
8681
1421
4054
642
5870
405
3683
2800
4415
3606
6497
2060
4001
626
6690
1530
4670
6541
8354
6249
3330
4047
3071
550
1898
7149
5303
6475
2135
90
1502
9495
9354
9324
2573
2422
9955
4030
7396
8568
7973
7594
28
5417
4893
939
513
7406
4067
26
794
9719
5110
3159
3633
3824
6275
312
4682
4835
6659
5164
9401
8690
5900
6465
3433
950
9157
7857
8329
3635
3646
5625
4527
7046
2915
3745
2046
5292
375
6750
5765
5562
8575
7637
6874
1377
8389
7294
4639
535
9973
2960
349
6912
192
9972
3808
2230
3659
6251
8450
4690
3757
7740
5731
8104
5056
4449
4101
2053
4983
8876
430
5201
3547
9983
9788
6656
8991
8424
5085
6093
6634
8668
1651
6150
1842
1516
3169
4614
4463
2939
1459
8965
3957
1993
9787
9230
327
2752
5894
7452
6772
2509
1554
7745
4523
8099
1189
5115
6053
8667
9293
7904
2886
94
4480
9443
2029
8575
2297
9436
487
6926
9286
730
104
7188
5793
486
1409
1631
5844
8535
5527
8461
3778
7819
5409
1041
945
5290
2907
4883
1585
7778
3626
476
4570
373
293
6108
6623
5949
7831
8387
6757
127
2555
1123
8612
300
4521
139
9712
8109
7531
1236
6676
7587
3939
162
2129
3255
1172
5038
8793
4385
1005
2607
3549
3678
103
7212
5140
3939
4011
207
973
7069
8167
1297
2884
4149
7840
5192
9985
6269
772
6380
1449
1824
2429
9885
2234
9908
453
5884
4823
2544
5468
3275
1115
6250
5423
3048
273
3527
7787
1956
6832
202
6115
5359
4608
9266
7694
6327
7630
8782
3432
7056
5658
5680
5679
7571
7880
3701
4697
3507
6343
2154
9865
828
1949
634
4551
387
9814
4452
3329
4475
1286
8865
508
7538
8989
438
3444
5588
4937
3293
7177
6829
6494
7637
8630
1647
2207
4068
3526
8745
1918
5678
5867
7917
8990
5842
5560
3628
9028
536
4468
1810
7294
9856
5226
6465
9971
4281
7799
3881
3620
4880
1998
162
6876
9745
753
9605
1480
9633
9569
7017
7577
6901
7334
2630
9307
6065
6467
2
1593
8325
246
9366
8242
4202
3583
3551
1881
25
850
4962
8448
9345
7140
7483
9526
9332
6779
9483
8550
4576
7878
3856
4486
3745
1375
2926
447
5407
9921
4671
9104
3129
295
3754
2040
7994
4071
3276
9636
3567
5803
3122
2536
8082
1230
2212
1939
9269
7259
3818
1095
7236
6644
5148
5010
3875
7246
4915
3159
7289
4157
7096
9892
1421
8118
9352
6022
2278
9078
8048
3450
8976
2185
6467
704
9540
5936
7543
8195
9660
9369
8029
3318
3707
9975
6271
8618
7044
5983
7244
5060
3949
6703
3562
6963
7370
4685
9558
258
7291
8397
5128
6580
1076
9247
2873
439
5553
7856
9134
91
4529
2355
8690
5834
1942
5883
3772
9125
5077
4839
2311
6923
8346
5655
1646
7467
9246
2204
1517
492
9682
5853
4625
4827
5959
8838
9750
5343
3591
7057
6858
1482
4571
9081
2184
8021
8541
3898
1474
4103
8550
924
4181
7565
5899
1541
654
9534
8642
4095
912
6748
3811
1818
2710
9039
4822
571
4667
5935
6027
1599
1619
2525
6426
8167
8806
4864
939
9597
5570
1100
8392
6073
39
3941
2792
8965
6274
6065
7901
9015
9454
2352
7359
9441
177
9986
414
6999
8753
3578
5544
1903
8009
4006
1232
3673
5840
4085
8790
9544
1719
8543
5016
4741
5022
3032
1552
6435
460
6879
5430
7290
9615
8978
8510
4789
4225
5074
1670
2880
7426
4219
8567
194
8954
5571
2774
7045
3977
837
7528
7350
7825
5621
5619
4094
6973
7347
9823
3850
1747
6032
7067
4976
7908
1985
2707
9390
651
1668
3423
5108
4859
6325
3816
5555
6851
4929
934
8663
7812
7694
4088
967
9363
1404
916
4655
5725
6545
6375
8657
1260
6577
1204
9041
3791
107
7998
4419
8512
1325
8089
8673
1153
8468
7353
4857
8961
5360
3346
591
3106
3567
778
499
7673
999
5664
366
9096
9533
9386
9763
5264
2983
3613
7338
5114
8200
7438
8741
8306
7845
8685
8089
7253
8387
4590
9085
1310
1565
7604
7056
6020
4623
5420
4828
2962
4702
2954
7198
1822
1246
23
8237
7285
3752
9562
1581
7085
731
8037
7555
6153
2844
957
3543
7254
1662
1534
752
8554
831
3347
6677
6688
589
1686
3287
6702
8772
2817
2442
7740
4129
5338
5157
1825
270
4876
6609
9300
653
1474
9102
3325
5866
5965
5234
3487
2840
4429
8651
7172
3695
8795
6634
2108
9854
7810
341
9024
2500
4512
823
7842
2909
9323
3029
9990
6661
2777
5863
4141
6458
5934
484
8649
702
9722
1039
5266
1164
8812
1833
5577
6097
13
2294
196
4367
9927
4960
1324
4101
2259
2291
4769
7807
5103
8786
2842
8294
741
3813
9293
2558
9137
3458
2324
5457
5270
19
563
8566
9939
1685
9381
9744
451
8900
6583
4911
4314
4134
4553
4841
2790
9314
2120
6605
1673
3952
1414
8738
4140
4016
9135
5261
5475
843
2547
5328
5995
9784
614
1056
743
2905
4824
2336
3318
786
5878
6055
1789
7633
6317
4035
78
9958
334
2107
508
1925
4384
192
7899
803
7999
8686
5800
5802
6708
7162
4522
8038
6876
1584
8609
544
7552
1076
3278
3693
4588
459
3869
7044
8552
1434
7171
1947
4318
1870
9645
6279
4740
5842
4553
999
6509
7590
848
8524
1982
318
7012
7280
6139
5763
9587
3478
1496
3084
1122
8286
8303
6745
458
1040
7739
5412
8045
5448
5145
1013
3016
2192
5861
5495
6810
8078
6562
9466
423
1999
5915
9909
6694
4079
8085
2308
3538
3500
9565
1931
3446
146
2016
7276
8338
7595
4789
8689
2977
1546
8808
2219
1884
22
3507
2308
6102
1341
2223
6036
9180
3255
7561
5124
2899
2533
3028
4160
3119
5383
6037
5480
2445
6829
4630
174
9285
2143
6672
8579
295
4791
3302
3871
1692
1413
8845
8224
1906
7141
2912
4800
8638
3085
3462
1829
1038
8335
8856
4575
2462
6892
675
8904
2040
9828
7600
4937
8915
7759
390
6725
96
1511
1777
5635
6011
1396
8513
9899
4308
5487
8687
3066
6963
9403
6512
4180
5122
7490
7932
9529
7865
2116
6829
4229
2173
8097
454
4829
6476
9297
6206
8937
9022
6812
9283
7635
2654
3074
5139
8094
8837
1468
4203
8743
8271
1721
802
231
4731
74
8244
8727
1899
8805
2415
3618
7477
767
3580
9179
9762
2621
1290
1114
8347
4897
6301
9403
9182
7977
7667
4453
39
5750
2469
96
980
7952
5881
7646
1333
3236
7023
5361
8468
9370
137
8999
2038
60
3393
3546
6867
3229
293
5393
1472
2776
9294
4786
5202
3921
1381
8115
170
6071
3811
7778
3113
4284
7084
8157
2628
1659
9866
6776
3389
9757
949
5003
2822
7500
7971
431
5216
5001
9901
1608
657
5586
5165
3927
5992
4425
4516
8940
4097
1861
7598
9797
8187
795
2985
9241
3917
438
6161
3662
9048
3713
1929
4105
9297
4541
6652
3993
3709
5988
7799
740
5540
4976
4988
8450
7145
2969
6387
8231
5461
264
1208
1479
240
4978
928
742
5527
6980
6755
7305
435
6646
4502
6315
6309
4837
4543
1713
2204
4461
7477
6376
8576
1799
3851
3252
9456
3279
6064
6018
8746
8785
8015
6068
7182
7848
2456
6614
1488
663
456
3908
1738
7686
5643
1398
3046
4024
1805
1071
9050
5052
2944
7443
2196
4200
9808
9948
3022
3721
9627
2868
1637
9555
6342
6039
8307
5487
3246
4395
152
5441
9102
1278
795
6105
179
4285
5548
8773
2896
821
3456
6044
1721
6997
2113
2430
764
2411
2584
3101
5549
1746
2285
846
5850
9343
6956
5151
4077
6871
2961
2705
8420
1643
2100
2892
6212
3901
2437
1535
6578
710
8801
2714
251
2647
156
9928
2208
2780
8738
6507
4010
8578
3532
7043
2131
2892
2566
8054
3796
365
8295
7293
9771
8876
544
4367
9588
8200
857
9839
4483
4587
2298
2513
252
6750
4861
4644
2389
6812
304
9313
2539
2376
8192
7200
9496
5026
2468
3726
7917
5068
2308
6115
1559
4451
1398
7620
4000
16
8813
3429
4603
5204
5373
1399
3087
6368
1373
7489
3955
8237
4510
760
474
1648
7660
5462
3494
5361
3601
1573
2036
1635
4337
9136
8006
1642
2324
4685
9849
9080
9791
1238
8391
2971
5648
7891
767
8827
969
9802
9893
6892
7263
3312
133
8190
1693
409
2575
5596
4587
4749
8607
4782
5028
7628
882
9606
7554
2037
8628
3893
1990
7663
2140
8166
957
8044
3780
367
7748
4773
4748
9035
537
7624
1872
5263
4989
3047
9207
527
6163
8403
5518
1080
9803
3372
7919
3627
5447
5665
2817
4689
3158
5492
2126
4179
1736
3475
8752
7098
4381
5733
2626
2673
9288
5180
3060
1131
4854
151
3595
7260
7728
7924
1055
5094
5107
2848
8953
1146
9415
5950
4490
1357
7306
3085
2633
7812
7852
9533
9328
8645
5225
6850
1560
1439
7111
1339
6901
2402
9203
9090
6741
993
9539
947
4090
7173
6212
796
6092
7356
4465
5807
918
1548
335
7939
2332
8692
7942
6107
6437
9221
575
3064
621
9684
6623
8179
1443
4833
2835
7168
6853
5592
5787
4651
6957
2250
9028
1211
5173
3427
5630
7428
3948
3948
7034
527
4541
4751
2826
2959
5214
3933
2706
8989
6348
5725
5920
7613
5439
627
558
8325
6400
8589
5783
3446
1881
8833
3287
1039
5623
515
5396
9355
9069
247
5758
9436
5472
4176
7613
4519
2359
8004
9001
5715
2975
8756
5698
8832
8308
8743
5490
2103
6737
773
5638
1207
9217
3606
9325
3212
7173
4148
1000
8367
1380
867
7376
219
7476
6808
7833
2026
3109
4358
1579
1256
9616
2667
9757
7241
9755
9210
1914
2904
2090
1110
2425
6805
7249
6752
1198
7813
4112
1253
4162
6832
1396
3280
2540
9530
3986
7473
1598
1656
6378
4848
46
230
6900
6223
1290
4945
4068
339
6580
7403
5699
4702
8847
5753
1990
5841
9562
473
4051
2279
7532
9243
3002
9136
4676
3960
214
5018
8939
5841
7603
9559
8764
2523
1773
3683
7822
9493
7080
842
396
6623
6312
6699
4501
6
9833
8353
455
7493
1833
1265
8083
6561
3692
7903
5710
4129
4714
6120
2841
6044
7995
1777
5600
8164
1681
6925
9870
1814
6167
2143
5084
3331
4543
2302
7221
1030
2375
458
4040
6563
9829
7089
5293
9341
5565
7967
6228
4267
4241
6433
4697
7170
9717
4092
5444
1358
992
1069
1278
2040
3889
6207
8831
7623
6682
5378
7259
3233
7494
7246
4721
3237
4268
5743
7034
1194
2817
3385
4726
5662
7639
6917
3386
5779
4617
948
8233
4153
553
7630
8823
7747
3256
2763
3876
573
9162
5258
1743
8696
3960
3840
4628
5877
2167
3333
2564
6419
58
6642
2337
4158
677
7195
8253
1257
4132
812
9716
9900
5507
8123
128
4668
1292
8759
7390
1447
4302
6683
2224
1464
4047
8319
5015
3523
9748
1502
7954
4545
7339
9716
163
2742
4273
5495
4279
7249
7110
4664
2223
4456
4189
8814
6092
2638
6274
2864
657
9060
5943
8917
5655
4008
3525
5740
3778
3934
1774
121
2359
6396
6802
778
570
5398
8610
1506
7107
3592
6869
8818
4992
5421
9519
1185
1476
6363
6388
1524
7602
4652
7915
4429
8851
6182
6338
4607
8295
8652
4466
8543
5739
3028
2691
3520
9887
5855
9430
3911
3198
2687
6519
2316
3948
6024
2240
2325
4796
945
5816
2008
8901
9230
7018
4809
9149
5232
9736
445
5779
4180
3232
4417
4048
2910
6960
2194
2644
9668
4912
9125
6445
1251
8097
483
5790
4183
6696
7150
5611
232
7275
6153
3243
7243
3830
2050
8470
429
7095
4351
8643
5298
6394
896
4005
7861
9020
4287
8706
7131
8898
6347
8414
8007
5048
2392
3429
1053
8018
1747
5042
9788
9198
4896
9347
9489
4963
7483
2956
7052
2235
234
1294
3782
418
2423
6445
1213
3052
1439
8255
6096
6053
7256
9503
8770
9426
4546
5210
7659
9015
4728
1180
9271
1069
5759
7838
5489
5653
8072
6793
3658
11
3040
1816
6619
6288
4572
3068
4633
2437
7272
8299
8924
9211
4671
7962
6661
8491
8563
6422
3373
7213
3399
1623
991
68
9311
2309
7883
6651
2692
4436
1930
6250
2893
3292
2357
951
2890
4849
5811
3970
8228
5082
4457
5434
812
3998
5311
2448
3035
5259
6491
2451
3989
1190
3655
4608
2692
4974
8040
9591
3343
6650
8263
1444
8305
9166
6732
3512
4400
1991
6587
1889
3242
9900
3935
9166
6005
7406
697
9789
8939
660
7300
1842
690
9287
4440
9623
5736
561
3809
17
2277
9450
7023
2530
9612
7168
6041
1917
5827
4193
3942
298
1372
6326
6195
1182
5383
8283
4431
1444
1532
4465
7603
8524
4003
1280
2527
4086
7187
6691
840
317
5232
2355
6218
392
3745
196
5651
7992
3757
1528
8724
7803
406
938
2156
5810
8446
2952
436
3501
3134
1103
4113
9964
8162
8968
6611
8832
3274
8242
344
286
6020
2709
5127
6630
6558
6497
3798
9496
2985
857
9093
8180
3389
1071
9698
3977
4759
8836
2317
6531
2338
7065
467
9015
4066
5500
900
5409
6690
9821
2440
2015
296
5705
8882
7238
3125
1133
1571
7721
8427
6606
4346
8198
702
8315
7928
8187
4157
960
6923
2580
5097
8790
1661
980
4440
6802
8285
4482
4324
1329
6197
6622
799
3114
4255
6270
768
9673
8047
1073
1841
6376
9358
1686
2091
8914
6973
4166
2740
689
4188
459
2430
4555
237
1652
8638
9696
454
8268
9467
5023
7860
518
2015
1962
1882
3994
1806
2348
2316
7275
2960
2888
8958
3660
3415
2094
3473
597
6880
3566
8735
9168
2139
7181
124
4176
2056
8102
2411
4287
2743
8618
6060
4726
648
6693
9587
2652
6886
8733
5512
8240
9858
9780
5365
8228
679
7395
3514
1095
1893
5781
2425
4077
3524
1092
5814
999
5666
8578
7834
3219
3344
7133
458
916
5289
4401
6570
7550
6426
284
9467
8125
5761
5723
1469
5658
6033
4749
7845
8685
6648
3490
8364
2999
6396
9998
3430
3274
754
5567
2987
5209
3621
9845
973
3027
7405
5655
3295
250
6817
522
1842
5970
9363
1091
1223
665
2716
320
3117
441
9668
77
1658
3723
3146
6730
8030
535
8230
963
7464
7194
7200
7731
9289
1377
2836
6041
5136
4519
3030
4795
2501
4493
5162
510
8198
8376
7528
1842
4580
3032
618
8881
5145
9245
6235
6313
8207
2610
3390
3322
9482
8779
5457
7719
502
5555
4949
887
6131
2413
7466
8033
3088
9429
7401
8207
3683
4527
1105
7838
8189
3376
9626
3894
3331
3250
4548
2684
2612
9794
2411
6506
63
9751
4996
1022
2938
9194
1375
5458
9955
252
2252
4070
1174
908
5881
9156
3358
6282
1863
6183
490
4216
6787
9514
6197
2446
7946
9303
2739
9984
9552
757
7090
5262
7905
8070
7530
7910
6979
4833
1269
6939
695
5157
2978
665
2906
2210
3562
4454
7204
7490
3201
7529
5196
9855
5113
6818
7422
2936
6503
7412
7757
8545
9703
2119
5619
1742
7728
153
4657
603
568
5093
9379
4552
5102
7014
800
6166
6179
6117
3897
3323
4637
246
5122
6678
1068
3759
3087
1455
1620
5392
7034
8401
9194
6223
211
1592
7324
3598
482
3919
9912
7717
8796
1932
3299
2482
1994
8615
437
4849
3279
6716
1742
7257
720
8835
2109
7288
1742
9205
4253
8246
4699
1156
7813
9948
3959
4136
3786
9831
1990
2636
3650
9559
6914
1294
9739
5217
715
5335
6458
6517
3190
6186
7773
9698
6364
2119
5114
3966
7085
8457
6047
8357
2953
8897
7956
6595
1425
5369
3464
7590
7597
2732
6315
864
1208
2601
422
8952
1686
9308
5266
7221
7797
7878
9819
6162
4950
921
9659
1257
5158
1384
9363
5499
5509
3791
1193
4796
5467
8792
52
397
7960
8237
4964
1444
7530
690
6407
8943
4360
4520
4650
587
4528
623
3762
6272
9606
7533
9636
9307
5107
5620
4317
5172
2430
2966
1696
2231
9419
4691
8662
1468
8428
1587
1285
5932
1369
3167
2029
8544
4214
6612
5609
8874
3240
9966
6708
2911
8390
2242
6290
1188
9179
2644
9232
8456
8515
4349
1982
6535
3219
3677
5254
4043
3393
1571
1918
8431
4844
2322
9051
2590
1541
9927
4559
6332
8631
9232
2038
2560
1823
3276
2276
3876
6325
4984
3361
7659
1191
4856
6767
6638
6710
3129
345
7735
3140
836
7223
3041
8136
3412
7165
4054
6138
3939
8646
1176
4181
9893
2949
8523
3061
7802
1
9041
9833
7939
4495
433
1409
9552
9013
1638
9230
6324
9486
576
4302
8677
7096
1050
8952
9527
6139
7734
3918
3424
3804
3960
8777
